0 0 80 544.27443 -2.7284841053187846e-14
0 1 33 -447.58526 0.024280561968976894
0 3 57 331.69896 -13.256281407035203
0 7 81 4.20278 -13.256281407035203
0 15 27 93.15618 -13.256281407035203
0 4 4 67.82455 0.03758773829062437
0 9 5 -76.25124 0.03758773829062437
0 19 71 -196.71677 -18.256281407035203
0 20 59 -1100.62071 0.05593665418362921
0 2 72 88.42914 -24.256281407035203
0 5 9 -6.71553 -24.256281407035203
0 11 85 5.2915 -24.256281407035203
0 23 40 905.60435 -24.256281407035203
1 31 -13.256281407035203 0 0
1 39 -18.256281407035203 0 0
1 41 -14.256281407035203 0 0
1 42 0.0703063510322425 0 0
1 47 -24.256281407035203 0 0
