0 0 4 67.50215 1998.082
0 1 50 498.57992 1998.1031031031032
0 3 81 161.89364 1998.1603206412826
0 7 9 40.72352 1998.18555667001
0 15 38 -2715.7604 1998.2359437751004
0 16 50 -39.61612 1948.0
0 8 9 -10.78093 1973.0
0 17 63 22.98604 1973.0
0 4 36 297.93172 1941.0
0 9 38 -861.54758 1941.0
0 19 32 79.73413 1941.0
0 2 58 117.45934 1977.0
0 5 43 -96.3064 1977.0
0 11 52 -108.45833 1977.0
0 23 52 -108.45833 1977.0
1 31 1978.0 0 0
1 32 1998.2562814070352 0 0
1 33 1948.0 0 0
1 35 1973.0 0 0
1 39 1941.0 0 0
1 47 1977.0 0 0
