0 0 4 -42.50069 1997.684
0 1 79 -737.21132 1947.0
0 3 56 129.83895 1947.0
0 7 88 -14.25978 1947.0
0 15 62 11.53408 1947.0
0 31 30 -2.9903 1947.0
0 2 22 871.06349 1997.7347347347347
0 5 12 30.9846 1997.748496993988
0 11 87 668.2417 1997.7783350050152
0 23 39 -1261.43477 1997.8473895582329
0 47 44 -40.66467 1973.0
0 48 42 -643.10336 1997.8723618090453
0 24 78 -192.77707 1929.0
0 49 17 1977.37743 1929.0
0 12 75 -80.62724 1968.0
0 25 53 -12.08722 1968.0
0 51 32 -140.50855 1968.0
0 6 23 763.93942 1984.0
0 13 33 -61.4671 1984.0
0 27 46 40.52464 1984.0
0 55 3 4.42945 1984.0
1 63 1947.0 0 0
1 95 1973.0 0 0
1 97 1973.0 0 0
1 98 1997.897384305835 0 0
1 99 1929.0 0 0
1 103 1968.0 0 0
1 111 1984.0 0 0
