0 0 48 1748.45799 1998.373
0 1 32 290.51187 1998.3953953953953
0 3 9 -31.96253 1998.434869739479
0 7 59 -704.60809 1927.0
0 15 34 -56.27883 1927.0
0 31 74 -98.27566 1927.0
0 8 76 -177.7249 1998.506519558676
0 17 27 315.73958 2010.0
0 35 58 466.26374 2010.0
0 18 62 -424.38299 1998.4949799196788
0 37 87 114.78985 2010.0
0 38 19 98.14174 1998.4834170854272
0 4 54 166.84847 1959.0
0 9 40 146.37033 1959.0
0 19 87 107.3544 1959.0
0 39 71 -697.97196 1959.0
0 2 35 -71.88632 1976.0
0 5 32 245.42121 1976.0
0 11 85 5.60161 1976.0
0 23 20 1424.74962 1976.0
0 47 12 15.99383 1976.0
1 63 1927.0 0 0
1 71 2010.0 0 0
1 75 2010.0 0 0
1 77 2010.0 0 0
1 78 1998.4718309859154 0 0
1 79 1959.0 0 0
1 95 1976.0 0 0
