0 0 22 65.66527 1998.656
0 1 14 1282.37711 1981.0
0 3 57 -265.02148 1981.0
0 7 53 -3.34252 1981.0
0 15 86 -46.81158 1981.0
0 31 82 60.68255 1981.0
0 2 89 1972.54041 1998.6736736736736
0 5 30 654.32378 1998.7024048096193
0 11 61 481.47259 1998.679718875502
0 23 68 1409.09207 1998.679718875502
0 47 38 -2939.60062 1998.679718875502
0 12 13 20.91678 2010.0
0 25 23 608.12444 2010.0
0 51 73 801.67403 2010.0
0 26 43 -99.90885 2010.0
0 53 9 2.67969 2010.0
0 6 25 -163.3119 1970.0
0 13 17 890.46826 1970.0
0 27 19 1270.04913 1970.0
0 55 40 269.08567 1970.0
1 63 1981.0 0 0
1 95 1942.0 0 0
1 96 1998.7366834170855 0 0
1 103 2010.0 0 0
1 107 2010.0 0 0
1 111 1970.0 0 0
