0 0 52 640.79015 1998.275
0 1 90 -101.96728 1998.2912912912914
0 3 17 1157.52739 1960.0
0 7 15 6158.74312 1960.0
0 15 59 119.20301 1960.0
0 31 79 -504.37411 1960.0
0 4 48 1466.48033 1998.3296593186374
0 9 2 -279.05144 1998.3560682046138
0 19 7 -31.3817 1984.0
0 39 63 8.62184 1984.0
0 20 12 -37.56079 1998.370481927711
0 41 70 12.64879 2009.0
0 42 86 582.71869 1998.3597989949749
0 10 31 376.43231 1972.0
0 21 32 130.83883 1972.0
0 43 20 1032.40983 1972.0
0 2 42 1251.73577 1982.0
0 5 33 449.86426 1982.0
0 11 90 22.32933 1982.0
0 23 54 -538.07827 1982.0
0 47 51 -412.53819 1982.0
1 63 1960.0 0 0
1 79 1984.0 0 0
1 83 2009.0 0 0
1 85 1998.3480885311872 0 0
1 86 2010.0 0 0
1 87 1972.0 0 0
1 95 1982.0 0 0
