0 0 88 -44.01789 1998.729
0 1 89 44.23722 2010.0
0 3 4 18.77631 2010.0
0 7 15 3171.69994 2010.0
0 15 56 -120.35719 2010.0
0 31 7 0.98919 2010.0
0 2 77 -802.35966 1998.7177177177177
0 5 6 -19.13721 2009.0
0 11 7 4.06655 2009.0
0 23 31 8.56335 2009.0
0 47 13 35.1838 2009.0
0 6 63 -163.90781 1998.7074148296592
0 13 47 212.83165 2009.0
0 27 23 882.62473 2009.0
0 55 16 4353.80393 2009.0
0 14 72 -1168.11387 1998.6970912738216
0 29 16 961.94621 2009.0
0 59 25 -150.13612 2009.0
0 30 8 -36.63226 1998.686746987952
0 61 17 1660.07856 2010.0
0 62 71 1646.9503 1998.6753768844221
1 63 2010.0 0 0
1 95 2009.0 0 0
1 111 2009.0 0 0
1 119 2009.0 0 0
1 123 2010.0 0 0
1 125 1998.6753768844221 0 0
