0 0 29 572.02215 1998.376
0 1 71 -2252.89223 1998.3653653653653
0 3 44 -100.56723 2009.0
0 7 87 -449.50284 2009.0
0 15 31 81.63644 2009.0
0 31 85 -38.52759 2009.0
0 4 3 111.32737 1998.3547094188377
0 9 2 130.0703 1998.382146439318
0 19 28 -2347.83761 1998.4146586345382
0 39 28 -2347.83761 2010.0
0 40 33 -329.2966 1998.403015075377
0 20 48 57.74906 1966.0
0 41 65 62.3714 1966.0
0 10 8 3.05333 1971.0
0 21 34 48.04755 1971.0
0 43 40 64.23924 1971.0
0 2 5 9.7901 2009.0
0 5 74 195.40123 2009.0
0 11 15 4775.98811 2009.0
0 23 23 1101.42217 2009.0
0 47 11 5.69339 2009.0
1 63 2009.0 0 0
1 79 2010.0 0 0
1 81 2009.0 0 0
1 82 1998.3923541247484 0 0
1 83 1966.0 0 0
1 87 1971.0 0 0
1 95 2009.0 0 0
