0 0 2 -246.51436 1998.936
0 1 83 -37.51238 1983.0
0 3 23 320.91414 1983.0
0 7 12 -8.16423 1983.0
0 15 34 14.34181 1983.0
0 31 65 -370.06472 1983.0
0 2 28 1221.29949 1998.951951951952
0 5 33 460.42387 1998.9789579158316
0 11 78 -1046.98467 1999.0060180541625
0 23 18 4379.71221 1988.0
0 47 71 803.11894 1988.0
0 24 32 -303.21613 1999.0170682730923
0 49 38 -157.44701 1988.0
0 50 83 861.97185 1999.0281407035177
0 12 89 -99.49908 1972.0
0 25 14 2155.19954 1972.0
0 51 70 38.28001 1972.0
0 6 77 -226.03156 1972.0
0 13 11 7.30418 1972.0
0 27 1 40.70926 1972.0
0 55 63 -32.24183 1972.0
1 63 1983.0 0 0
1 95 1988.0 0 0
1 99 1988.0 0 0
1 101 1999.0553319919518 0 0
1 102 1972.0 0 0
1 103 1972.0 0 0
1 111 1972.0 0 0
