0 0 83 -378.31048 1998.349
0 1 9 24.90191 1985.0
0 3 54 197.47609 1985.0
0 7 7 12.22676 1985.0
0 15 19 1313.64499 1985.0
0 31 28 -513.91721 1985.0
0 2 79 509.8449 1998.3623623623623
0 5 51 -413.13405 1998.3623623623623
0 11 68 -156.55866 1986.0
0 23 1 36.40785 1986.0
0 47 1 36.40785 1986.0
0 12 10 22.37934 1998.374749498998
0 25 69 779.90264 1998.3861584754263
0 51 83 -372.10361 1998.3975903614457
0 52 9 4.15974 1987.0
0 26 52 129.48946 1987.0
0 53 36 124.40987 1987.0
1 63 1985.0 0 0
1 95 1986.0 0 0
1 103 1987.0 0 0
1 104 1998.4090452261307 0 0
1 105 1987.0 0 0
1 107 1987.0 0 0
