0 0 12 33.57825 1998.776
0 1 69 -476.15143 1998.78978978979
0 3 75 237.66438 1970.0
0 7 18 1003.51049 1970.0
0 15 40 405.52274 1970.0
0 31 74 -148.56896 1970.0
0 4 5 -83.26264 1998.818637274549
0 9 81 55.16784 1970.0
0 19 42 23.3827 1970.0
0 39 10 -7.27892 1970.0
0 10 17 4385.94439 1998.8475426278837
0 21 32 -296.45907 1998.8363453815261
0 43 77 180.40041 1967.0
0 44 54 717.284 1998.8683417085426
0 22 71 -642.27193 2010.0
0 45 58 -527.00249 2010.0
0 2 48 88.79258 1985.0
0 5 44 -42.94633 1985.0
0 11 74 -97.75416 1985.0
0 23 20 130.25581 1985.0
0 47 14 3667.44427 1985.0
1 63 1970.0 0 0
1 79 1970.0 0 0
1 87 1967.0 0 0
1 89 1998.8683417085426 0 0
1 91 2010.0 0 0
1 95 1985.0 0 0
