0 0 83 -476.76454 1998.673
0 1 55 -130.4683 1981.0
0 3 49 -207.27291 1981.0
0 7 30 131.18328 1981.0
0 15 20 893.11915 1981.0
0 31 44 -5.7446 1981.0
0 2 53 -391.24553 1998.6906906906906
0 5 60 255.26569 1986.0
0 11 66 538.41686 1986.0
0 23 35 -26.61776 1986.0
0 47 48 374.53305 1986.0
0 6 82 -1363.72817 1998.7034068136272
0 13 9 -4.61629 1980.0
0 27 3 37.47566 1980.0
0 55 34 -60.38198 1980.0
0 14 53 -347.28739 1998.7221664994986
0 29 18 2378.06859 1984.0
0 59 27 70.57636 1984.0
0 30 84 931.19967 1998.7369477911648
0 61 71 973.79542 1998.7369477911648
1 63 1981.0 0 0
1 95 1986.0 0 0
1 111 1980.0 0 0
1 119 1984.0 0 0
1 123 1998.7369477911648 0 0
