0 0 49 -1815.67369 1997.959
0 1 58 2282.43461 1974.0
0 3 86 60.39856 1974.0
0 7 48 25.54093 1974.0
0 15 79 -2175.22126 1974.0
0 31 38 963.0421 1974.0
0 2 34 413.18078 1997.982982982983
0 5 6 43.97502 1998.0140280561122
0 11 53 -240.82207 1998.0802407221665
0 23 88 4.49069 1955.0
0 47 66 189.36466 1955.0
0 24 39 728.87881 1998.1234939759036
0 49 22 68.33904 1998.1115577889448
0 50 43 269.74597 2010.0
0 12 34 88.39792 1932.0
0 25 87 -11.92426 1932.0
0 51 17 854.04507 1932.0
0 6 6 31.54469 1967.0
0 13 75 86.95971 1967.0
0 27 47 -159.92173 1967.0
0 55 83 890.78841 1967.0
1 63 1974.0 0 0
1 95 1955.0 0 0
1 99 1982.0 0 0
1 100 1998.1277665995976 0 0
1 101 2010.0 0 0
1 103 1932.0 0 0
1 111 1967.0 0 0
