0 0 24 1216.62074 1998.64
0 1 77 -1034.44475 1998.6776776776776
0 3 60 -114.33912 1979.0
0 7 81 21.5733 1979.0
0 15 59 89.6027 1979.0
0 31 70 -0.4842 1979.0
0 4 51 365.68186 1998.6973947895792
0 9 10 -18.89429 1998.7111334002007
0 19 46 21.75844 1971.5
0 39 48 -151.10413 1971.0
0 40 40 175.23502 1972.0
0 20 63 177.07065 1998.7658291457287
0 41 19 87.3387 1998.781690140845
0 42 71 -372.95218 1983.0
0 10 61 152.92693 1985.0
0 21 25 -14.96921 1985.0
0 43 4 70.21885 1985.0
0 2 85 71.12473 1961.0
0 5 43 -84.3689 1961.0
0 11 3 -24.44853 1961.0
0 23 14 3879.30537 1961.0
0 47 41 172.57348 1961.0
1 63 1979.0 0 0
1 79 1971.0 0 0
1 81 1972.0 0 0
1 83 1984.0 0 0
1 84 1998.7965760322256 0 0
1 85 1983.0 0 0
1 87 1985.0 0 0
1 95 1961.0 0 0
