0 0 22 1490.72687 1998.627
0 1 70 269.36065 1998.6156156156155
0 3 74 -395.67548 1998.6156156156155
0 7 42 -30.72761 2010.0
0 15 20 1914.19136 2010.0
0 31 30 -173.20406 2010.0
0 8 17 5761.13509 1998.6042084168337
0 17 77 1281.57388 1998.6042084168337
0 35 68 791.68403 1998.6308926780341
0 36 11 -1.56141 1972.0
0 2 15 5559.21216 2010.0
0 5 4 85.00615 2010.0
0 11 75 -264.11865 2010.0
0 23 59 568.70666 2010.0
0 47 76 -89.0407 2010.0
1 63 2010.0 0 0
1 71 1998.64859437751 0 0
1 72 1981.0 0 0
1 73 1972.0 0 0
1 95 2010.0 0 0
