0 0 27 2425.37803 1999.007
0 1 10 25.58332 1999.019019019019
0 3 39 1158.30942 1999.019019019019
0 7 37 -2780.78724 1999.0591182364728
0 15 56 651.92147 2010.0
0 31 11 4.92202 2010.0
0 16 32 383.90104 1999.0481444333
0 33 1 54.76504 1999.0481444333
0 8 24 543.0353 1959.0
0 17 44 -13.83201 1959.0
0 35 25 85.91619 1959.0
0 2 6 -11.73048 1987.0
0 5 90 -4.05979 1987.0
0 11 71 612.78398 1987.0
0 23 79 -890.51317 1987.0
0 47 35 102.44657 1987.0
1 63 2010.0 0 0
1 67 1999.0481444333 0 0
1 71 1959.0 0 0
1 95 1987.0 0 0
