0 0 84 1047.3548 1999.006
0 1 11 14.70015 1999.018018018018
0 3 6 41.41037 1999.0400801603207
0 7 42 574.33896 1999.0782347041124
0 15 2 -212.5805 1999.0782347041124
0 31 53 30.82546 1927.0
0 32 42 574.33896 1999.1506024096386
0 8 29 -118.2415 1961.0
0 17 9 -7.14645 1961.0
0 35 49 -83.21526 1961.0
0 4 8 -11.07084 1977.0
0 9 58 -382.83108 1977.0
0 19 31 76.03261 1977.0
0 39 8 -11.07084 1977.0
0 2 32 -175.01718 1987.0
0 5 54 141.62456 1987.0
0 11 36 1024.80271 1987.0
0 23 57 3236.31887 1987.0
0 47 46 402.58263 1987.0
1 63 1927.0 0 0
1 65 1999.1506024096386 0 0
1 71 1961.0 0 0
1 79 1977.0 0 0
1 95 1987.0 0 0
