0 0 88 -54.51157 1998.905
0 1 36 39.19831 2010.0
0 3 3 17.57275 2010.0
0 7 20 585.90519 2010.0
0 15 88 -54.51157 2010.0
0 31 80 148.68738 2010.0
0 2 68 -502.407 1998.8938938938938
0 5 35 47.20332 1965.0
0 11 63 85.0636 1965.0
0 23 64 -316.75694 1965.0
0 47 68 -502.407 1965.0
0 6 63 169.35393 1998.9278557114228
0 13 85 73.55522 1998.939819458375
0 27 39 1510.75291 1998.939819458375
0 55 62 -223.60037 1998.939819458375
0 14 4 35.63281 1987.0
0 29 83 225.39805 1987.0
0 59 9 -17.91535 1987.0
1 63 2010.0 0 0
1 95 1965.0 0 0
1 111 1974.0 0 0
1 112 1998.964859437751 0 0
1 119 1987.0 0 0
