0 0 64 -1504.29205 1999.152
0 1 77 1077.50939 1984.0
0 3 1 39.33212 1984.0
0 7 27 1382.42002 1984.0
0 15 70 -47.19828 1984.0
0 31 44 26.84599 1984.0
0 2 31 -424.47393 1999.1671671671672
0 5 68 -156.54125 1972.0
0 11 56 154.21223 1972.0
0 23 74 -84.95634 1972.0
0 47 70 37.00094 1972.0
0 6 17 3563.91532 1999.194388777555
0 13 76 -193.07962 1999.2056168505517
0 27 38 -643.52986 1978.0
0 55 22 171.50703 1978.0
0 28 54 -447.34685 1999.2269076305222
0 57 22 284.31536 2010.0
0 58 82 696.85827 1999.21608040201
0 14 82 101.39631 1988.0
0 29 37 1095.38932 1988.0
0 59 41 -127.10548 1988.0
1 63 1984.0 0 0
1 95 1972.0 0 0
1 111 1978.0 0 0
1 115 2010.0 0 0
1 117 1999.21608040201 0 0
1 119 1988.0 0 0
