0 0 19 64.10894 1998.42
0 1 65 25.25311 1936.0
0 3 54 3.04028 1936.0
0 7 33 -51.73579 1936.0
0 15 51 76.54201 1936.0
0 31 61 1.22248 1936.0
0 2 75 -587.21128 1998.4824824824825
0 5 50 -22.12792 1981.0
0 11 45 -354.46787 1981.0
0 23 5 21.67273 1981.0
0 47 37 -1138.64128 1981.0
0 6 83 1210.23248 1998.5
0 13 31 1158.00395 1998.5
0 27 64 1564.55527 1998.5
0 55 24 1815.81401 1998.529588766299
0 56 65 -518.85241 1969.0
1 63 1936.0 0 0
1 95 1981.0 0 0
1 111 1998.5441767068273 0 0
1 112 1984.0 0 0
1 113 1969.0 0 0
