0 0 7 -78.12267 1998.616
0 1 80 84.59656 1933.0
0 3 53 -83.37309 1933.0
0 7 90 22.31106 1933.0
0 15 17 849.41762 1933.0
0 31 64 -149.07232 1933.0
0 2 34 -425.36427 1998.6816816816818
0 5 63 390.64715 1974.0
0 11 58 2006.79906 1974.0
0 23 65 -779.3808 1974.0
0 47 28 292.50936 1974.0
0 6 57 3114.92742 1998.7064128256513
0 13 4 87.64887 1998.7231695085256
0 27 56 -1318.07619 1998.7231695085256
0 55 10 25.58323 1974.0
0 56 1 55.11189 1998.7479919678715
0 14 54 -1114.71428 1982.0
0 29 29 -518.22024 1982.0
0 59 6 -24.31989 1982.0
1 63 1933.0 0 0
1 95 1974.0 0 0
1 111 1974.0 0 0
1 113 1998.7479919678715 0 0
1 119 1982.0 0 0
