0 0 83 -313.56433 1998.101
0 1 35 -0.31368 1982.0
0 3 3 -21.1093 1982.0
0 7 15 3992.2814 1982.0
0 15 58 -132.99827 1982.0
0 31 2 -12.17863 1982.0
0 2 78 -1055.14568 1998.117117117117
0 5 69 -66.49876 1956.0
0 11 80 169.39013 1956.0
0 23 44 -9.45761 1956.0
0 47 33 284.17983 1956.0
0 6 24 2098.05267 1998.1593186372745
0 13 70 219.29131 1998.1593186372745
0 27 47 2153.68457 1998.1593186372745
0 55 35 197.19652 1998.1745235707122
0 56 4 18.60461 1983.0
1 63 1982.0 0 0
1 95 1956.0 0 0
1 111 1998.1967871485945 0 0
1 112 1976.0 0 0
1 113 1983.0 0 0
