0 0 79 344.34239 1998.997
0 1 74 469.53598 1999.011011011011
0 3 55 -412.2321 1999.011011011011
0 7 84 -108.61537 1979.0
0 15 85 -59.09442 1979.0
0 31 89 223.09524 1979.0
0 8 63 181.32029 1999.0310621242486
0 17 9 37.61129 1999.0581745235706
0 35 72 1118.49372 1999.0883534136547
0 36 59 -6.93319 1969.0
0 18 48 339.28379 1972.0
0 37 16 457.76835 1972.0
0 2 76 -68.65595 1985.0
0 5 54 93.54043 1985.0
0 11 58 -149.48137 1985.0
0 23 47 413.1782 1985.0
0 47 79 350.08234 1985.0
1 63 1979.0 0 0
1 71 1999.1226130653267 0 0
1 72 1965.0 0 0
1 73 1969.0 0 0
1 75 1972.0 0 0
1 95 1985.0 0 0
