0 0 58 -963.02661 1998.37
0 1 48 243.57787 1972.0
0 3 75 -72.84416 1972.0
0 7 84 492.32342 1972.0
0 15 2 -32.37994 1972.0
0 31 52 -132.60758 1972.0
0 2 16 187.60379 1998.3963963963963
0 5 17 185.81848 2010.0
0 11 52 2.72169 2010.0
0 23 63 -1.88298 2010.0
0 47 79 -9.07887 2010.0
0 6 86 489.3935 1998.3847695390782
0 13 3 148.99372 1998.3731193580743
0 27 67 437.53304 1998.3975903614457
0 55 86 421.00843 1998.3869346733668
0 56 32 -89.03637 2009.0
0 28 27 286.62697 1974.0
0 57 11 10.84529 1974.0
0 14 58 111.20098 2010.0
0 29 39 -353.60323 2010.0
0 59 35 20.9465 2010.0
1 63 1972.0 0 0
1 95 2010.0 0 0
1 111 1998.4064386317907 0 0
1 112 1979.0 0 0
1 113 2009.0 0 0
1 115 1974.0 0 0
1 119 2010.0 0 0
