0 0 7 -58.34237 1998.349
0 1 8 6.594 1927.0
0 3 45 -22.62777 1927.0
0 7 6 -1.31461 1927.0
0 15 81 -4.98817 1927.0
0 31 18 715.48672 1927.0
0 2 85 -63.52521 1998.4204204204204
0 5 77 -157.67102 1977.5
0 11 87 65.7511 1978.0
0 23 28 19.30625 1978.0
0 47 83 -563.44169 1978.0
0 12 71 -45.134 1977.0
0 25 56 74.94097 1977.0
0 51 88 39.57375 1977.0
0 6 35 163.25381 1998.4623871614845
0 13 2 183.92085 1998.4799196787149
0 27 6 52.39883 1998.4799196787149
0 55 60 889.19917 1998.4799196787149
0 14 25 54.11686 1981.0
0 29 47 177.63074 1981.0
0 59 11 0.54796 1981.0
1 63 1927.0 0 0
1 95 1978.0 0 0
1 103 1977.0 0 0
1 111 1998.4799196787149 0 0
1 119 1981.0 0 0
