0 0 8 32.73618 1998.698
0 1 4 -42.72695 1998.7597597597598
0 3 7 0.48526 1969.0
0 7 48 201.44556 1969.0
0 15 50 21.11108 1969.0
0 31 75 14.66004 1969.0
0 4 15 12778.78869 1998.7895791583167
0 9 25 -641.44694 1998.7895791583167
0 19 9 8.80221 1980.0
0 39 80 -52.11097 1980.0
0 20 55 -450.73439 1998.8084252758274
0 41 49 62.74072 2010.0
0 42 62 902.63967 1998.79718875502
0 2 65 -58.35438 1937.0
0 5 26 -344.51511 1937.0
0 11 83 50.44651 1937.0
0 23 32 -45.2417 1937.0
0 47 76 -0.68153 1937.0
1 63 1969.0 0 0
1 79 1980.0 0 0
1 83 2010.0 0 0
1 85 1998.79718875502 0 0
1 95 1937.0 0 0
