0 0 6 40.76096 1998.355
0 1 56 -1501.10063 1998.3793793793793
0 3 70 -221.45076 1980.0
0 7 3 -11.51643 1980.0
0 15 66 536.39182 1980.0
0 31 19 1970.42083 1980.0
0 4 27 2047.14477 1998.3977955911823
0 9 38 2086.34475 1998.4152457372115
0 19 29 -801.2069 1998.429718875502
0 39 51 351.32399 1927.0
0 40 87 1298.80278 1998.5015075376884
0 20 90 15.24809 1984.0
0 41 21 489.25448 1984.0
0 10 26 3151.78561 1981.0
0 21 28 222.74856 1981.0
0 43 73 -67.34637 1981.0
0 2 78 373.93295 1974.0
0 5 38 963.0421 1974.0
0 11 90 60.96972 1974.0
0 23 22 798.66618 1974.0
0 47 4 11.64441 1974.0
1 63 1980.0 0 0
1 79 1927.0 0 0
1 81 1998.5015075376884 0 0
1 83 1984.0 0 0
1 87 1981.0 0 0
1 95 1974.0 0 0
