0 0 8 29.70867 1998.53
0 1 51 463.7238 1998.5715715715717
0 3 20 2340.9945 1998.5831663326653
0 7 74 246.34246 1998.5717151454362
0 15 10 20.58874 1998.5717151454362
0 31 83 632.5432 1998.5717151454362
0 8 54 -71.41195 2010.0
0 17 83 290.35264 2010.0
0 35 51 201.62577 2010.0
0 4 80 -56.22925 1987.0
0 9 87 -581.00102 1987.0
0 19 69 95.62094 1987.0
0 39 66 278.68095 1987.0
0 2 84 -24.07441 1957.0
0 5 90 -30.06474 1957.0
0 11 11 1.13706 1957.0
0 23 39 263.71498 1957.0
0 47 11 1.13706 1957.0
1 63 1998.5833333333333 0 0
1 64 1987.0 0 0
1 71 2010.0 0 0
1 79 1987.0 0 0
1 95 1957.0 0 0
