0 0 78 608.87665 1998.697
0 1 3 141.7773 1998.6743486973949
0 3 88 -57.62114 1998.6880641925777
0 7 85 -51.83057 1988.0
0 15 5 -2.25967 1988.0
0 31 21 522.10391 1988.0
0 8 16 10667.96717 1998.698795180723
0 17 35 188.04108 1998.6884422110552
0 35 63 172.07164 1998.7082494969818
0 36 3 6.19521 1979.0
0 18 20 2586.6998 2009.0
0 37 55 62.86506 2009.0
0 4 21 459.8979 1985.0
0 9 54 113.88271 1985.0
0 19 62 -50.3982 1985.0
0 39 53 -147.04543 1985.0
0 2 79 -792.51112 2010.0
0 5 9 14.20936 2010.0
0 11 3 -145.29906 2010.0
0 23 63 26.32961 2010.0
0 47 26 -695.79003 2010.0
0 6 89 -84.76182 2010.0
0 13 73 -1335.6615 2010.0
0 27 42 -94.26551 2010.0
0 55 36 14.96728 2010.0
1 63 1988.0 0 0
1 71 1998.7082494969818 0 0
1 73 1979.0 0 0
1 75 2009.0 0 0
1 79 1985.0 0 0
1 95 2010.0 0 0
1 111 2010.0 0 0
