0 0 47 -2274.18322 1998.305
0 1 63 59.08126 1972.0
0 3 35 109.96084 1972.0
0 7 42 76.80196 1972.0
0 15 15 3697.20879 1972.0
0 31 61 -31.94648 1972.0
0 2 76 -148.8015 1998.3313313313313
0 5 82 -1.22449 1978.0
0 11 27 -1148.56188 1978.0
0 23 42 -7.52675 1978.0
0 47 21 262.95516 1978.0
0 6 65 -1241.19681 1998.3517034068136
0 13 10 13.70709 1982.0
0 27 40 203.38238 1982.0
0 55 19 1332.65307 1982.0
0 14 83 -726.93584 1998.3681043129388
0 29 64 -409.65911 1982.0
0 59 26 -3082.08977 1982.0
0 30 82 725.16777 1998.3845381526105
0 61 42 1111.94947 1998.419095477387
0 62 31 171.71877 1964.0
1 63 1972.0 0 0
1 95 1978.0 0 0
1 111 1982.0 0 0
1 119 1982.0 0 0
1 123 1998.4356136820925 0 0
1 124 1982.0 0 0
1 125 1964.0 0 0
