0 0 32 -256.80706 1998.398
0 1 68 -152.67741 1927.0
0 3 10 5.70596 1927.0
0 7 42 -322.81896 1927.0
0 15 62 -41.93495 1927.0
0 31 5 -50.45174 1927.0
0 2 58 2164.05048 1998.4694694694695
0 5 52 294.30902 1998.5110220440881
0 11 69 -445.40303 1998.5265797392176
0 23 30 -107.747 1983.0
0 47 53 -41.2306 1983.0
0 24 64 4503.83609 1998.5421686746988
0 49 21 1981.59083 1998.5421686746988
0 12 19 1090.04555 1983.0
0 25 13 94.62989 1983.0
0 51 47 -222.20364 1983.0
0 6 70 -274.5482 1957.0
0 13 80 -121.80319 1957.0
0 27 52 565.04561 1957.0
0 55 80 -121.80319 1957.0
1 63 1927.0 0 0
1 95 1983.0 0 0
1 99 1998.5547738693467 0 0
1 100 1986.0 0 0
1 103 1983.0 0 0
1 111 1957.0 0 0
