0 0 27 -4199.22072 1998.122
0 1 20 808.0267 1978.0
0 3 83 -68.47208 1978.0
0 7 36 311.95513 1978.0
0 15 74 -40.61737 1978.0
0 31 14 2737.64945 1978.0
0 2 2 -213.69899 1998.1421421421421
0 5 14 3008.70379 2010.0
0 11 46 91.31599 2010.0
0 23 78 -413.4071 2010.0
0 47 80 -174.55407 2010.0
0 6 7 -54.70736 1998.1302605210421
0 13 18 1508.65388 1974.0
0 27 40 1300.7966 1974.0
0 55 30 -220.18818 1974.0
0 14 47 1937.57805 1998.1544633901706
0 29 54 461.73781 1998.1777108433735
0 59 84 539.31293 1998.1899497487436
0 60 75 8.07807 1986.0
0 30 84 152.45162 1975.0
0 61 85 -32.359 1975.0
1 63 1978.0 0 0
1 95 2010.0 0 0
1 111 1974.0 0 0
1 119 1998.1780684104629 0 0
1 120 2010.0 0 0
1 121 1986.0 0 0
1 123 1975.0 0 0
