0 0 5 -91.24038 1998.46
0 1 9 -5.02391 1984.0
0 3 50 39.63944 1984.0
0 7 28 -22.69731 1984.0
0 15 10 0.92584 1984.0
0 31 67 -68.00183 1984.0
0 2 48 1832.66772 1998.4744744744744
0 5 89 1047.84218 1998.5170340681364
0 11 2 -227.53482 1998.5366098294885
0 23 66 290.97007 2010.0
0 47 5 81.07744 2010.0
0 24 12 32.37115 1998.5251004016063
0 49 57 2071.038 1998.5678391959798
0 50 15 1498.5288 1956.0
0 12 45 -33.04514 1979.0
0 25 80 -449.03268 1979.0
0 51 4 -18.36581 1979.0
0 6 30 463.21242 1956.0
0 13 22 518.34711 1956.0
0 27 11 -6.67791 1956.0
0 55 47 -538.54948 1956.0
1 63 1984.0 0 0
1 95 2010.0 0 0
1 99 1998.5678391959798 0 0
1 101 1956.0 0 0
1 103 1979.0 0 0
1 111 1956.0 0 0
