0 0 43 -547.6678 1998.369
0 1 47 -793.92265 2009.0
0 3 83 35.12543 2009.0
0 7 44 -7.76582 2009.0
0 15 48 224.50018 2009.0
0 31 35 -40.34206 2009.0
0 2 82 -1649.30253 1998.3583583583584
0 5 55 45.74965 1985.0
0 11 13 29.35036 1985.0
0 23 28 48.84589 1985.0
0 47 51 4.03979 1985.0
0 6 72 1730.58635 1998.3717434869739
0 13 16 7403.08918 1998.3717434869739
0 27 68 687.19892 1998.3610832497493
0 55 25 -716.75723 1998.3610832497493
0 28 5 -40.95517 2009.0
0 57 13 10.57129 2009.0
1 63 2009.0 0 0
1 95 1985.0 0 0
1 111 2009.0 0 0
1 112 1998.3504016064257 0 0
1 115 2009.0 0 0
