0 0 3 115.93067 1998.696
0 1 83 -439.3489 1998.7637637637638
0 3 58 473.38427 2010.0
0 7 73 663.99137 2010.0
0 15 54 -48.93993 2010.0
0 31 64 63.51972 2010.0
0 32 5 -17.88184 2010.0
0 4 33 353.91111 1998.7412236710131
0 9 88 90.56122 1998.7412236710131
0 19 69 1098.41189 1998.7412236710131
0 39 56 1668.09108 1998.7412236710131
0 2 79 -174.48028 1931.0
0 5 72 240.62672 1931.0
0 11 86 -18.42711 1931.0
0 23 62 -23.37788 1931.0
0 47 11 3.49929 1931.0
1 63 2010.0 0 0
1 65 2010.0 0 0
1 79 1998.7530120481927 0 0
1 80 1987.0 0 0
1 95 1931.0 0 0
