0 0 9 34.55261 1998.527
0 1 24 1674.99962 1998.5385385385384
0 3 56 1891.30744 1998.5551102204408
0 7 35 246.7101 1998.5341365461848
0 15 88 96.35909 1998.5236180904524
0 31 73 -1092.3717 1998.5236180904524
0 16 23 200.11462 2009.0
0 33 71 -251.51482 2009.0
0 8 64 1321.17296 2009.0
0 17 45 42.74516 2009.0
0 35 8 12.27499 2009.0
0 4 15 1990.63671 1982.0
0 9 54 210.53055 1982.0
0 19 77 -1328.17108 1982.0
0 39 12 28.44722 1982.0
0 2 36 -13.30578 1987.0
0 5 14 1342.10531 1987.0
0 11 6 -15.42089 1987.0
0 23 50 15.94765 1987.0
0 47 79 -11.6214 1987.0
1 63 1973.0 0 0
1 64 1998.5492957746478 0 0
1 67 2009.0 0 0
1 71 2009.0 0 0
1 79 1982.0 0 0
1 95 1987.0 0 0
