0 0 38 -1413.44405 1998.396
0 1 86 255.42031 1957.0
0 3 29 -251.65252 1957.0
0 7 80 -92.02768 1957.0
0 15 70 -72.17501 1957.0
0 31 75 26.89465 1957.0
0 2 67 528.53754 1998.4374374374374
0 5 65 997.95496 1998.4374374374374
0 11 14 117.89891 1998.4549098196392
0 23 3 -54.50084 1987.0
0 47 15 390.64812 1987.0
0 24 17 166.34826 1998.4663991975929
0 49 15 723.79405 1979.0
0 50 52 378.86946 1998.4859437751004
0 12 52 -118.35362 1981.0
0 25 75 -71.47208 1981.0
0 51 16 2064.94524 1981.0
1 63 1957.0 0 0
1 95 1987.0 0 0
1 99 1979.0 0 0
1 101 1998.4859437751004 0 0
1 103 1981.0 0 0
