0 0 30 651.14637 1998.517
0 1 83 -752.46166 1998.5325325325325
0 3 34 358.45017 1985.0
0 7 50 -51.31897 1985.0
0 15 16 4282.85203 1985.0
0 31 23 908.08941 1985.0
0 4 33 -604.25073 1998.5460921843687
0 9 10 3.51332 2010.0
0 19 41 -229.75287 2010.0
0 39 74 103.80893 2010.0
0 10 20 50.78031 1998.5346038114344
0 21 80 -151.64947 1979.0
0 43 71 -40.67181 1979.0
0 22 37 4323.71129 1998.55421686747
0 45 46 -248.1559 1998.55421686747
0 2 80 -29.98329 1983.0
0 5 85 -15.50403 1983.0
0 11 34 73.808 1983.0
0 23 28 -778.64628 1983.0
0 47 42 -34.8289 1983.0
1 63 1985.0 0 0
1 79 2010.0 0 0
1 87 1979.0 0 0
1 91 2010.0 0 0
1 92 1998.5427135678392 0 0
1 95 1983.0 0 0
