1.998399996103060857e+03
5.276558799011539946e+01
-4.029549884854909436e+01
-2.701270585954525316e+01
1.777703364098532024e+00
-6.379538519171026323e+00
-4.562227986357181919e+01
-2.516929025582197443e+00
-1.837144312099826138e+01
-1.871031609982046362e+01
1.965016878954693791e+00
-1.675804108097507950e+01
-6.339125833243666186e-01
2.604147455110877729e+01
2.397432245276007734e+01
-1.527503690630125988e+01
2.137004311583075733e+01
8.661236343858657705e+00
2.472059632254006090e+01
1.999821415476790420e+01
2.146282975525096859e+01
6.648669114032455418e+00
-1.091093006272211507e+00
5.101601163550482454e+01
2.366437806223331464e+01
-1.734879161573486428e+01
-5.481716203647596375e-02
4.384582222639122051e+01
3.369854191078787586e+00
7.414499996901215972e+00
-2.018462305697653392e+00
-7.181000217110683259e+00
-4.567737011193766072e+00
-2.322741305526521316e+01
1.086463437234772123e+01
8.344182043978376484e+00
-2.138316956463657448e+01
-4.423562257862078795e+00
1.199420540930608503e+01
2.280832721303070443e+01
-2.518113456686884888e+01
-1.656631721681116787e+01
-6.209955462305376095e+00
-8.913913274252745822e+00
-6.727205104528163560e+00
-6.299750717209559703e+00
1.646081229601933060e+01
1.136213657344447903e+01
-2.140901999814335710e+01
3.368440220898931248e+00
9.723832504021631351e+00
6.969112917713609079e-01
-5.768886105421772825e+00
9.557484350203665713e+00
4.700902147644371865e-01
-7.017662613160219331e-02
1.279524218322685813e+00
-2.794365682043166288e+01
3.274680101056051740e+01
-9.446023677074487424e+00
4.176327955004527581e+00
-1.055686847692024699e+01
-3.468914401703669714e+00
-1.034310158401650703e+01
2.481254586202209822e+01
-2.182271207476861363e+01
4.874934096393578109e+00
-3.226374697717368512e-01
-4.446753255969430718e+00
-2.908697272140786794e+01
-9.092206520128883085e+00
-1.237883186025730531e+01
2.391265344653380698e+00
9.640028157235526862e+00
1.543423385700921102e+01
6.682268920798861700e+00
2.451467925095314726e+01
3.823797574652998410e+00
-2.388775725301686137e+01
-2.257532750012342770e+00
-3.687742487241887801e+00
-3.295435799409149880e-01
-5.628938389196665781e+00
5.946012213144515890e+00
4.727765198120961188e+00
1.607128130854323445e+01
4.910580780267772560e-01
9.526090501206125438e+00
-2.111958546216352772e+01
-2.003883924058366617e+01
-6.634224242673262273e-01
